list(ns2=1.20000E+01, ns3=1.00000E+00, nt=1.30000E+01, t= structure(.Data= c(1.00000E+00, 2.00000E+00,     NA, 1.00000E+00, 3.00000E+00,     NA, 1.00000E+00, 4.00000E+00,     NA, 5.00000E+00, 6.00000E+00,     NA, 3.00000E+00, 7.00000E+00,     NA, 2.00000E+00, 8.00000E+00,     NA, 8.00000E+00, 3.00000E+00,     NA, 5.00000E+00, 9.00000E+00,     NA, 5.00000E+00, 1.00000E+01,     NA, 1.00000E+00, 1.10000E+01,     NA, 1.00000E+00, 1.20000E+01,     NA, 1.00000E+00, 1.30000E+01,     NA, 5.00000E+00, 4.00000E+00, 6.00000E+00), .Dim=c(13, 3)), y= structure(.Data= c(0.00000E+00, -1.93003E-01,     NA, 0.00000E+00, -2.24650E-01,     NA, 0.00000E+00, -7.70685E-01,     NA, 0.00000E+00, -2.82475E-01,     NA, 0.00000E+00, -3.76097E-01,     NA, 0.00000E+00, -2.76265E-01,     NA, 0.00000E+00, 3.39335E-01,     NA, 0.00000E+00, -4.01712E-01,     NA, 0.00000E+00, -3.14063E-01,     NA, 0.00000E+00, -1.30063E-01,     NA, 0.00000E+00, -3.15108E-01,     NA, 0.00000E+00, -1.88243E-01,     NA, 0.00000E+00, -4.07826E-01, -6.06540E-01), .Dim=c(13, 3)), se= structure(.Data= c(0.00000E+00, 1.76049E-01,     NA, 0.00000E+00, 8.73601E-02,     NA, 0.00000E+00, 1.24947E-01,     NA, 0.00000E+00, 2.71027E-01,     NA, 0.00000E+00, 1.26628E-01,     NA, 0.00000E+00, 1.25355E-01,     NA, 0.00000E+00, 1.35182E-01,     NA, 0.00000E+00, 1.99469E-01,     NA, 0.00000E+00, 9.46103E-02,     NA, 0.00000E+00, 8.75710E-02,     NA, 0.00000E+00, 9.76806E-02,     NA, 0.00000E+00, 2.47120E-01,     NA, 0.00000E+00, 1.02249E-01, 1.06989E-01), .Dim=c(13, 3)), na=c(2.00000E+00, 2.00000E+00, 2.00000E+00, 2.00000E+00, 2.00000E+00, 2.00000E+00, 2.00000E+00, 2.00000E+00, 2.00000E+00, 2.00000E+00, 2.00000E+00, 2.00000E+00, 3.00000E+00), V=c(    NA,     NA,     NA,     NA,     NA,     NA,     NA,     NA,     NA,     NA,     NA,     NA, 7.08180E-09))
