list(d=c(    NA, -1.00000E-01, -1.00000E-01, -1.00000E-01, -1.00000E-01, -1.00000E-01, -1.00000E-01, -1.00000E-01, -1.00000E-01, -1.00000E-01, -1.00000E-01, -1.00000E-01, -1.00000E-01))
